12 229.9935302734375 3163.23291015625 52.9931640625 160.96044921875 0.9729506373405457
13 336.6339111328125 906.476318359375 56.639404296875 76.6697998046875 0.9699184894561768
12 229.8076934814453 1283.54541015625 53.110382080078125 160.7724609375 0.9699005484580994
12 230.0161895751953 2504.60107421875 53.224639892578125 159.77880859375 0.9685570001602173
31 1756.89697265625 3463.566650390625 30.824951171875 45.109375 0.9684820771217346
12 336.2756652832031 625.0450439453125 53.3116455078125 159.6552734375 0.9669255614280701
31 1756.834228515625 3183.8802490234375 30.87890625 43.565185546875 0.9657583832740784
12 229.84100341796875 1898.1414794921875 52.84130859375 161.432373046875 0.9615208506584167
13 229.69503784179688 2786.3870849609375 58.18328857421875 77.34332275390625 0.9608126282691956
26 717.2136611938477 1873.0997314453125 29.021820068359375 42.103515625 0.9575443863868713
12 2217.6701049804688 919.4879150390625 43.0609130859375 128.071044921875 0.956976056098938
44 805.9683227539062 741.308837890625 26.4404296875 41.9434814453125 0.9560225009918213
12 229.9521942138672 1529.8133544921875 52.975372314453125 160.058349609375 0.9559385180473328
26 881.2415161132812 601.5997314453125 28.5191650390625 43.630126953125 0.9550654292106628
13 229.8311004638672 2105.3748931884766 57.603607177734375 76.46673583984375 0.9545836448669434
13 230.15432739257812 3435.654541015625 57.04510498046875 76.663818359375 0.9532256722450256
44 796.9282836914062 1171.0234375 44.3779296875 35.027587890625 0.9519798159599304
26 717.3461380004883 2089.3460083007812 29.468109130859375 43.0797119140625 0.9516521096229553
26 881.1879272460938 890.49072265625 28.46337890625 42.9805908203125 0.9497954845428467
65 1312.8560791015625 819.171875 32.92529296875 33.056884765625 0.9456668496131897
44 539.2374267578125 701.1000061035156 53.26806640625 36.160003662109375 0.9444151520729065
44 2112.8987426757812 1091.4758605957031 26.759765625 32.94146728515625 0.9345024824142456
27 1874.9635620117188 936.62353515625 34.0977783203125 43.1796875 0.9344676733016968
35 299.36529541015625 3452.598876953125 16.8504638671875 55.0078125 0.9343056082725525
44 1020.0789794921875 1168.569091796875 20.63330078125 31.292724609375 0.934120774269104
35 1219.26806640625 923.6441040039062 16.845458984375 55.50267028808594 0.933413028717041
3 437.13739013671875 2168.685012817383 31.26416015625 22.749969482421875 0.9325891733169556
53 1159.276123046875 3374.806884765625 21.59423828125 21.5992431640625 0.9317036867141724
13 881.5928344726562 1518.6467590332031 44.606689453125 61.79620361328125 0.9315058588981628
1 1815.607421875 3228.773193359375 26.94384765625 22.4229736328125 0.9312381148338318
44 598.480224609375 1168.4775390625 21.104736328125 31.141357421875 0.9307330846786499
1 2175.942626953125 1595.462646484375 26.4560546875 22.379150390625 0.9304332733154297
27 1119.599853515625 1259.228515625 34.6005859375 45.0494384765625 0.9302874207496643
1 2269.4908447265625 1595.3464660644531 26.77099609375 22.04559326171875 0.9296010136604309
42 329.93353271484375 1471.233871459961 20.3524169921875 59.473175048828125 0.9282577633857727
1 2084.5010986328125 2225.16357421875 26.6883544921875 22.512451171875 0.9281385540962219
1 2091.89404296875 691.1920166015625 26.587158203125 22.22900390625 0.9279475808143616
1 1755.842529296875 578.1038818359375 26.61865234375 22.435302734375 0.9275590181350708
1 2037.3804931640625 2225.21484375 26.625 22.3494873046875 0.9257768988609314
27 1874.677978515625 647.4796752929688 34.0137939453125 42.05126953125 0.9257487058639526
1 2203.1590576171875 691.1383056640625 26.79052734375 22.37255859375 0.9256086349487305
35 299.3491516113281 3531.7518310546875 17.216552734375 54.753173828125 0.9254484176635742
1 1142.040771484375 2792.6261596679688 26.57421875 22.3629150390625 0.9254372119903564
42 283.2782287597656 1236.5191650390625 19.80401611328125 58.916015625 0.9244416356086731
1 1896.5654296875 1918.6982421875 26.486328125 22.1513671875 0.9238443970680237
1 2027.3116455078125 1595.41943359375 26.749755859375 22.1708984375 0.9237905740737915
1 421.3525390625 2480.14453125 26.3033447265625 22.45361328125 0.9237270355224609
1 826.1216735839844 1527.6554565429688 26.647735595703125 22.38800048828125 0.923406183719635
27 403.74688720703125 936.3322143554688 32.56591796875 42.599853515625 0.922884464263916
3 433.7387390136719 1258.8939208984375 32.05938720703125 22.481689453125 0.9228469729423523
1 762.4682998657227 2747.3970336914062 26.718429565429688 22.31982421875 0.9227402806282043
1 1667.5137939453125 2679.357650756836 26.5986328125 22.13641357421875 0.9227192997932434
42 353.0162353515625 1505.0985107421875 20.1248779296875 59.58392333984375 0.9226688146591187
1 455.3492736816406 3070.48095703125 26.8011474609375 22.54541015625 0.9226664900779724
1 1141.879638671875 2480.2418212890625 26.740234375 22.48779296875 0.9224887490272522
1 437.0677490234375 1895.986572265625 26.4923095703125 22.38623046875 0.9222419857978821
1 2047.64990234375 679.8717041015625 26.658447265625 22.3974609375 0.9220985174179077
1 1703.969970703125 935.6293334960938 26.548828125 22.29345703125 0.9218370914459229
1 1935.147705078125 1896.15234375 26.71337890625 22.4195556640625 0.9215347170829773
3 451.347412109375 1964.1082916259766 31.82489013671875 22.582794189453125 0.921530544757843
1 838.4566955566406 2491.5452880859375 26.8975830078125 22.59375 0.9214268922805786
1 687.8423538208008 668.614990234375 26.29156494140625 22.3157958984375 0.9213899970054626
1 1147.2254028320312 578.0958251953125 26.5947265625 22.4256591796875 0.9213788509368896
1 1374.4067764282227 947.0240478515625 26.767623901367188 22.5496826171875 0.9213717579841614
1 1665.8514404296875 3115.6575927734375 26.78466796875 22.365234375 0.9210143685340881
1 1159.452880859375 3419.356201171875 26.579803466796875 22.4541015625 0.9209339022636414
1 1313.7779808044434 935.6573486328125 26.59276580810547 22.4482421875 0.9207075834274292
1 1139.360595703125 3138.262939453125 26.74560546875 22.492431640625 0.9206435680389404
1 572.8170776367188 634.7161865234375 26.725830078125 22.695068359375 0.9204942584037781
44 477.81005859375 1168.37109375 18.795654296875 31.47216796875 0.9204756021499634
1 1065.971435546875 2747.4140625 26.8116455078125 22.356201171875 0.9203158617019653
1 1936.56201171875 679.8316650390625 26.7802734375 22.447021484375 0.9202930927276611
1 914.29833984375 2792.6062622070312 26.9044189453125 22.3544921875 0.9201399683952332
1 1349.710548400879 1482.605224609375 26.620391845703125 22.087646484375 0.9199191927909851
2 332.7182312011719 3543.8511962890625 26.43634033203125 21.9691162109375 0.9198704957962036
2 1037.644775390625 1281.47314453125 26.65966796875 22.23681640625 0.9193986654281616
1 1217.8521728515625 2724.819580078125 26.7552490234375 22.4677734375 0.9193391799926758
1 984.7770080566406 3453.1229858398438 26.7861328125 22.6749267578125 0.91902756690979
1 2158.582763671875 679.8583984375 26.879638671875 22.4425048828125 0.9189814925193787
1 1632.4378051757812 1281.336181640625 26.6602783203125 22.4951171875 0.9189549684524536
1 1293.6346435546875 2713.595260620117 26.667724609375 22.3779296875 0.9187934398651123
1 1349.6432495117188 1258.6729736328125 26.8265380859375 22.5142822265625 0.9186955094337463
1 681.5795288085938 3487.3427124023438 26.46068572998047 22.294189453125 0.918575644493103
1 1858.3818359375 1929.9315185546875 26.8089599609375 22.582275390625 0.9185064435005188
1 1313.7443237304688 600.81298828125 26.7989501953125 22.515869140625 0.918485701084137
1 1075.3804931640625 946.9725341796875 26.861572265625 22.6287841796875 0.9183990955352783
1 792.8519287109375 788.6456604003906 26.68817138671875 22.46826171875 0.918085515499115
2 494.280029296875 1281.4012451171875 26.911376953125 22.2216796875 0.9179420471191406
1 2183.5697021484375 3206.2432861328125 26.71142578125 22.214111328125 0.9178691506385803
27 403.5086669921875 647.32177734375 32.69775390625 41.600341796875 0.9178069829940796
1 984.7699890136719 3149.523193359375 26.84100341796875 22.6875 0.9176924228668213
1 572.9920654296875 2480.1368408203125 26.5931396484375 22.41259765625 0.9174244403839111
1 942.072998046875 578.0958251953125 26.591796875 22.2091064453125 0.9174166321754456
18 1812.8212890625 1897.8619995117188 22.3779296875 39.2989501953125 0.917394757270813
2 615.7467651367188 1281.2717895507812 26.6561279296875 22.0704345703125 0.9173339605331421
27 715.9916915893555 1919.6492919921875 32.19154357910156 42.781494140625 0.917326033115387
1 990.281982421875 2724.7989501953125 26.6778564453125 22.1142578125 0.917248010635376
1 496.9571838378906 2491.42041015625 26.89739990234375 22.64892578125 0.9170101284980774
1 1397.0598907470703 3419.305908203125 26.789886474609375 22.284423828125 0.9168958067893982
1 2175.96875 1247.542236328125 26.53515625 22.6341552734375 0.9167063236236572
1 2027.3226318359375 1258.6156616210938 26.599853515625 22.471435546875 0.916678786277771
1 1369.266014099121 2736.1000366210938 26.710647583007812 22.41064453125 0.9165950417518616
1 2082.344482421875 1595.4825439453125 26.5654296875 22.311767578125 0.9165242314338684
1 630.9227294921875 1929.8984375 26.68017578125 22.6571044921875 0.9164489507675171
1 330.55535888671875 2758.6571044921875 26.7490234375 22.778076171875 0.916369616985321
1 1548.4275817871094 935.7069702148438 26.46307373046875 22.1866455078125 0.9163677096366882
1 479.4911193847656 645.9382934570312 26.68743896484375 22.43896484375 0.9161404371261597
1 1498.2691650390625 1471.2108154296875 26.8826904296875 22.427734375 0.9161206483840942
1 1141.799072265625 2736.2240447998047 26.6396484375 22.263580322265625 0.9160299301147461
1 1247.2960205078125 935.6952514648438 26.537353515625 22.187744140625 0.91596919298172
1 762.6013031005859 2792.567626953125 26.486358642578125 22.234375 0.915883481502533
1 976.8265380859375 1471.2469177246094 26.84814453125 22.46240234375 0.915570080280304
1 811.7906951904297 3127.1229858398438 26.806243896484375 22.662109375 0.9155479073524475
42 284.7926330566406 2089.7489624023438 20.5491943359375 58.8929443359375 0.9154805541038513
1 1637.29638671875 992.2666015625 26.7529296875 22.573974609375 0.9154012799263
1 1895.2081909179688 2679.4097900390625 26.5633544921875 22.28668212890625 0.9153090715408325
1 374.83349609375 3104.511474609375 26.5101318359375 22.3564453125 0.9152581095695496
1 1217.72705078125 2491.3349609375 26.83251953125 22.7646484375 0.9151001572608948
1 1412.8684387207031 935.5844116210938 26.670074462890625 22.2127685546875 0.9149911999702454
42 283.11322021484375 1482.5105590820312 20.0731201171875 58.9505615234375 0.914898157119751
2 771.9375610351562 3385.5653076171875 26.41473388671875 22.258544921875 0.9148741364479065
1 2229.2530517578125 3183.7060546875 26.6904296875 22.268310546875 0.9148670434951782
42 329.9682922363281 1225.384033203125 20.4921875 60.470703125 0.914834201335907
27 1119.7958984375 1305.760986328125 33.917236328125 43.32568359375 0.9148108959197998
1 1008.6962280273438 578.1095581054688 26.5689697265625 22.3193359375 0.9147762656211853
2 572.8931884765625 811.0537109375 26.8258056640625 22.1922607421875 0.9145761132240295
1 1293.7371826171875 2502.75732421875 26.788818359375 22.2763671875 0.9144177436828613
1 2229.390625 3161.097900390625 26.96044921875 22.458740234375 0.9143595695495605
1 2137.4886474609375 1236.265625 26.3629150390625 22.30615234375 0.9143415093421936
1 1918.8587036132812 3419.4259643554688 26.7574462890625 22.3341064453125 0.9143314361572266
1 1887.94091796875 1572.8632202148438 26.544921875 22.39404296875 0.9143229126930237
1 2269.393798828125 1337.9267387390137 26.5830078125 22.43810272216797 0.9141848683357239
1 2269.3871459960938 1304.2164306640625 26.76318359375 22.53369140625 0.9141690135002136
1 360.46539306640625 2468.619873046875 26.8167724609375 22.619384765625 0.9141448140144348
1 1451.2592315673828 924.2028503417969 26.962799072265625 22.4361572265625 0.9140912294387817
1 1445.4788208007812 2724.88232421875 26.667327880859375 22.139404296875 0.9139674305915833
1 1632.2730407714844 1326.8119773864746 26.83966064453125 22.39551544189453 0.9139341115951538
1 946.4034729003906 3115.7080078125 26.5958251953125 22.27392578125 0.9139099717140198
3 740.0875854492188 1258.845947265625 31.23486328125 23.12353515625 0.9137570858001709
1 1445.4739685058594 2525.4835205078125 26.60980224609375 22.360595703125 0.9137519001960754
17 942.695556640625 3203.177490234375 20.099853515625 62.035888671875 0.913667619228363
1 1217.656005859375 2781.164581298828 26.65234375 22.36944580078125 0.9136480093002319
1 621.0418090820312 3104.491943359375 26.6351318359375 22.3515625 0.9136189222335815
1 2003.1915283203125 668.6062431335449 26.7900390625 22.22270965576172 0.9136078953742981
1 1369.2735443115234 2514.0400390625 26.759613037109375 22.602783203125 0.9135494828224182
1 2037.32177734375 1850.7886352539062 26.6650390625 22.26708984375 0.9135357737541199
1 1887.784423828125 1371.731201171875 26.490234375 22.4595947265625 0.9134615659713745
2 1388.5391235351562 2145.8692626953125 27.249420166015625 22.181396484375 0.9132294654846191
1 578.6361083984375 3093.2015991210938 26.78076171875 22.3851318359375 0.9132166504859924
1 1815.1610107421875 2225.213348388672 26.603515625 22.48455810546875 0.9131097793579102
1 2327.069091796875 1281.4239501953125 26.53564453125 22.42236328125 0.9130575656890869
1 1247.031005859375 566.9384765625 27.029052734375 22.703369140625 0.9130542278289795
1 649.548583984375 657.18505859375 26.8392333984375 22.853271484375 0.9130463600158691
1 496.9983825683594 2826.66162109375 26.7120361328125 22.52392578125 0.913018524646759
54 2298.182373046875 3055.47998046875 50.941650390625 31.02001953125 0.9129284024238586
2 826.1530609130859 1281.5382080078125 26.65838623046875 22.148193359375 0.9125660061836243
1 1985.2684326171875 1584.2788696289062 26.54345703125 22.55224609375 0.9125009775161743
1 620.9066772460938 3543.8368530273438 26.4295654296875 22.429931640625 0.9123594760894775
27 1119.6925048828125 1506.0950317382812 34.7347412109375 45.9013671875 0.9123494625091553
2 1388.3834838867188 2112.100799560547 26.695388793945312 21.8228759765625 0.9122256636619568
1 1973.339111328125 1873.452880859375 26.8759765625 22.4683837890625 0.9122121334075928
1 669.1201782226562 3115.541015625 26.5361328125 22.3349609375 0.9120938181877136
35 1249.9091796875 3171.2264404296875 16.79345703125 55.59130859375 0.9120646715164185
1 513.202880859375 3081.864501953125 26.62939453125 22.655029296875 0.9119539260864258
1 1781.2906494140625 2668.1980056762695 26.773681640625 22.404922485351562 0.9118655920028687
18 980.1944580078125 1898.0596313476562 22.2027587890625 39.2225341796875 0.911637544631958
1 1041.7447509765625 3138.34765625 26.58538818359375 22.17724609375 0.9116071462631226
1 1536.7410278320312 1258.6912841796875 26.197509765625 22.2216796875 0.9115431308746338
1 572.9368896484375 2815.1973876953125 26.42724609375 22.318115234375 0.9114725589752197
1 1753.90576171875 1550.2987060546875 26.768310546875 22.4554443359375 0.9114476442337036
2 479.680419921875 799.826416015625 26.648681640625 21.975830078125 0.9113544821739197
1 2326.948974609375 1326.7092323303223 26.67578125 22.295738220214844 0.9112825989723206
1 1812.3997802734375 2702.1927337646484 26.69580078125 22.44219970703125 0.9112645983695984
1 726.1352233886719 788.623779296875 26.725433349609375 22.20196533203125 0.911231517791748
1 907.9929809570312 3104.54443359375 26.82763671875 22.325439453125 0.9112069606781006
2 554.9299926757812 1224.978515625 26.9429931640625 21.95458984375 0.911156415939331
1 501.5116882324219 1907.304443359375 26.69281005859375 22.572265625 0.9111538529396057
1 566.12353515625 1918.748046875 27.07861328125 22.4508056640625 0.9111084342002869
1 413.30670166015625 3104.50634765625 26.74951171875 22.496826171875 0.9110615253448486
1 1369.4311141967773 2770.002685546875 26.943115234375 22.56494140625 0.9110207557678223
1 1794.05419921875 566.9099731445312 26.787109375 22.6072998046875 0.9109687209129333
18 1468.2117919921875 1897.9721069335938 22.60009765625 39.4071044921875 0.9108898639678955
18 1665.297119140625 2527.236572265625 22.052001953125 38.78466796875 0.9107835292816162
1 1177.5262451171875 3138.2930908203125 26.720458984375 22.5887451171875 0.910588800907135
2 435.52740478515625 1224.942626953125 27.04644775390625 22.097412109375 0.9104880690574646
1 1292.5808715820312 1281.439697265625 26.3924560546875 22.410400390625 0.9103894829750061
1 433.3601989746094 1550.2703857421875 26.8465576171875 22.714599609375 0.9103423357009888
2 976.7491455078125 1225.06201171875 26.8106689453125 21.96044921875 0.9102819561958313
1 1191.2232055664062 1505.153076171875 26.826416015625 22.566650390625 0.910228431224823
1 2022.260986328125 3206.33349609375 26.73046875 22.41015625 0.9102139472961426
1 497.16650390625 2781.106201171875 26.8023681640625 22.635986328125 0.9101389646530151
1 1637.4063720703125 566.965576171875 26.966552734375 22.6424560546875 0.9100385308265686
1 1548.3329162597656 578.040771484375 26.6392822265625 22.3475341796875 0.9100298881530762
18 1496.00244140625 1305.9915771484375 22.53045654296875 38.64599609375 0.9100297689437866
1 1066.1942443847656 2548.0411376953125 26.645751953125 22.311767578125 0.9100261330604553
1 1108.6900024414062 589.232421875 26.7052001953125 22.70849609375 0.9099931716918945
1 1815.482421875 3430.8074951171875 26.967041015625 22.89794921875 0.909770667552948
1 1066.177978515625 2468.650634765625 26.8447265625 22.79345703125 0.9096173048019409
1 332.5077819824219 3059.385498046875 26.74072265625 22.210205078125 0.9096081256866455
1 1832.759765625 1561.5133056640625 26.7947998046875 22.774658203125 0.9095866084098816
1 1794.2794189453125 1550.3251342773438 26.55859375 22.3359375 0.9095736145973206
1 1191.116455078125 1281.4552001953125 26.40673828125 22.535400390625 0.9095133543014526
1 1498.287109375 1247.4732666015625 26.79022216796875 22.765625 0.9095125794410706
1 1593.9115600585938 1337.9503288269043 26.635498046875 22.479896545410156 0.9093635678291321
42 1655.4652099609375 1873.3055419921875 20.253662109375 58.968994140625 0.9092883467674255
17 1005.0169677734375 910.070068359375 20.33251953125 63.09521484375 0.9091439247131348
2 2003.197998046875 958.3326416015625 26.8978271484375 22.021728515625 0.9087673425674438
1 1396.8523483276367 3161.0562744140625 26.982559204101562 22.73388671875 0.9087525010108948
1 914.2998046875 2502.7384643554688 26.62774658203125 22.2977294921875 0.9087038636207581
1 1459.9453125 1236.1630859375 26.756591796875 22.04736328125 0.9086402058601379
42 352.8509521484375 1258.880859375 19.57061767578125 59.269287109375 0.9086093902587891
3 1553.8754577636719 2457.413330078125 31.6318359375 22.84423828125 0.9084475040435791
50 1031.170654296875 1728.801513671875 31.3916015625 19.06396484375 0.9082944393157959
50 820.002197265625 1706.0361328125 31.16162109375 18.901611328125 0.908193051815033
1 1815.5162353515625 3475.906005859375 26.750244140625 22.46484375 0.9081060886383057
42 308.564208984375 1884.106689453125 19.9014892578125 60.30322265625 0.908047080039978
18 646.5062866210938 2749.037353515625 21.752685546875 38.665771484375 0.9079627394676208
1 762.6808624267578 2457.3812255859375 26.919036865234375 22.140380859375 0.9076579213142395
5 695.2811889648438 3412.6388549804688 10.219482421875 151.5115966796875 0.9075602889060974
2 566.333251953125 2089.409423828125 26.514404296875 22.060150146484375 0.9074082374572754
42 354.9781494140625 2111.977783203125 19.90478515625 59.059661865234375 0.9072768092155457
1 850.2828369140625 3115.6385498046875 26.519195556640625 22.364990234375 0.9072752594947815
1 2027.281005859375 1304.0052490234375 26.4208984375 22.29052734375 0.9072069525718689
1 1665.6715087890625 3340.3389892578125 26.6702880859375 22.583251953125 0.9070218801498413
1 2214.2962646484375 1258.8543090820312 27.06201171875 22.3304443359375 0.906812846660614
42 2285.6990356445312 867.749267578125 20.1370849609375 59.382568359375 0.9065160751342773
1 2179.3646240234375 2679.6007080078125 26.7431640625 22.543914794921875 0.906260073184967
1 1594.02783203125 1270.0040283203125 26.782958984375 22.7724609375 0.9062181711196899
1 1071.097412109375 3430.80029296875 26.8270263671875 22.72607421875 0.9059714674949646
2 788.670166015625 2111.9109802246094 26.87451171875 21.76953125 0.9056844711303711
1 1516.33740234375 3408.007568359375 27.018310546875 22.74658203125 0.905665397644043
42 354.95574951171875 1873.6094360351562 19.973876953125 59.4248046875 0.9055018424987793
2 788.5648803710938 2134.5889587402344 26.3677978515625 22.0218505859375 0.9054136872291565
1 1037.6138916015625 1572.8336181640625 26.822265625 22.2496337890625 0.9053802490234375
1 2009.1907958984375 2724.7396850585938 26.82373046875 22.26416015625 0.9052692651748657
1 914.2229614257812 2525.471923828125 27.0875244140625 22.522216796875 0.9052643775939941
1 2091.1222534179688 3183.7161865234375 26.587646484375 22.2412109375 0.9052162170410156
1 713.9772644042969 1482.59228515625 25.89739990234375 22.34033203125 0.9051011800765991
1 1919.0286865234375 3521.1157836914062 26.75244140625 22.5260009765625 0.9050941467285156
1 914.2628784179688 2736.2196044921875 26.63763427734375 22.427734375 0.9050468802452087
1 332.97296142578125 3104.323974609375 26.626220703125 22.5911865234375 0.904895544052124
1 648.6900634765625 2803.6590576171875 26.636962890625 22.491455078125 0.9046370387077332
27 716.421630859375 2136.4235229492188 33.216796875 41.275146484375 0.9044793248176575
1 1277.7469482421875 3408.0941772460938 26.6787109375 22.5594482421875 0.9044740796089172
2 741.9195556640625 1225.0611572265625 26.651123046875 22.210205078125 0.9044103622436523
1 648.7744140625 2468.55517578125 26.78759765625 22.73046875 0.9044091105461121
3 433.72064208984375 1482.4114685058594 31.86248779296875 22.51177978515625 0.904379665851593
50 1071.204345703125 3376.2334594726562 31.48388671875 19.4072265625 0.9043037295341492
50 970.7500610351562 1649.5106811523438 31.7503662109375 19.03070068359375 0.9042974710464478
2 2158.7017822265625 958.2140502929688 26.71337890625 21.9324951171875 0.9040482640266418
1 1930.2900390625 1572.833251953125 26.869873046875 22.560791015625 0.9038657546043396
1 1066.1284790039062 2803.80224609375 26.4498291015625 22.478759765625 0.9038190841674805
1 2298.1376953125 3149.5296630859375 26.85498046875 22.561279296875 0.9038025140762329
1 611.2783203125 645.8170166015625 26.6636962890625 22.288330078125 0.9036879539489746
56 2340.948486328125 2491.5320434570312 13.923828125 14.089111328125 0.903623104095459
18 1249.740966796875 1328.488639831543 22.3203125 39.641326904296875 0.9035417437553406
2 1350.0131225585938 1538.7166748046875 26.649383544921875 21.798095703125 0.9035109877586365
1 2152.1278076171875 1817.06201171875 26.689453125 22.534912109375 0.9033012390136719
1 1277.607177734375 3183.738037109375 26.526123046875 22.3541259765625 0.9032633900642395
1 1553.694580078125 2702.0147705078125 26.58154296875 22.504150390625 0.9032610654830933
1 1665.6531982421875 3149.607421875 26.62646484375 22.5859375 0.9031996726989746
18 2295.9346923828125 3420.76611328125 22.23681640625 37.94384765625 0.9029687643051147
1 1554.7943115234375 3430.6926879882812 26.76513671875 22.84326171875 0.9027031064033508
1 1667.6135864257812 2645.574264526367 26.75634765625 22.335357666015625 0.902655839920044
2 2092.1203002929688 901.8255004882812 26.97265625 22.0975341796875 0.9024651050567627
1 1341.4873657226562 3149.3994140625 26.224853515625 22.53564453125 0.9024448990821838
1 1451.1695556640625 578.1170654296875 26.6429443359375 22.3125 0.9023569226264954
37 1607.2109375 566.606201171875 21.150390625 59.7576904296875 0.9022865891456604
2 2092.15771484375 1037.2843322753906 27.01220703125 21.63836669921875 0.9021546244621277
66 566.843017578125 2013.2210693359375 38.7109375 20.55419921875 0.9021328687667847
1 330.53887939453125 2468.6329345703125 26.796875 22.573486328125 0.9020437598228455
1 2298.0155029296875 3183.6726684570312 26.899169921875 22.6993408203125 0.9019259214401245
1 1341.6525421142578 3430.8265380859375 26.812454223632812 22.998291015625 0.9019066095352173
1 1388.222053527832 1782.8416748046875 26.771621704101562 22.4371337890625 0.9018545150756836
1 1452.510025024414 3407.9588012695312 26.93365478515625 22.76171875 0.9017706513404846
1 771.32470703125 2480.066650390625 26.34722137451172 22.304931640625 0.9017627239227295
37 1726.1118774414062 577.9151611328125 20.0146484375 59.186767578125 0.9017096757888794
27 1704.4502563476562 1919.9732666015625 32.6976318359375 41.881103515625 0.9016348719596863
17 1509.7579345703125 1892.677978515625 19.7734375 62.54443359375 0.9016284942626953
42 306.8579406738281 1269.976806640625 20.08612060546875 59.6865234375 0.9012929797172546
1 2152.1216430664062 2032.9208526611328 26.8431396484375 22.772247314453125 0.9012168049812317
1 1277.4486083984375 3138.39111328125 25.9833984375 22.399169921875 0.9011156558990479
1 1111.9217529296875 1782.8548278808594 26.3958740234375 22.47393798828125 0.9010188579559326
1 1593.1630859375 3172.2355346679688 26.545654296875 22.829833984375 0.9008431434631348
56 2341.113525390625 2514.182861328125 13.47265625 13.68798828125 0.9008113741874695
1 1349.7951202392578 1281.4483642578125 26.699234008789062 22.686279296875 0.9006774425506592
27 880.3145751953125 937.18798828125 33.037353515625 42.2630615234375 0.9006534814834595
1 1252.0654296875 1493.5953369140625 26.97216796875 22.949462890625 0.9006015658378601
3 1582.8508605957031 2502.77880859375 32.97601318359375 23.27880859375 0.9003724455833435
1 1303.22509765625 3419.424560546875 26.489501953125 22.389404296875 0.9002214074134827
1 1341.6668701171875 3407.9534912109375 26.759521484375 22.6337890625 0.9000638127326965
17 2213.1339111328125 1892.6759033203125 19.636962890625 61.592529296875 0.899756133556366
1 2022.1455078125 3228.8953857421875 26.678466796875 22.2301025390625 0.8996537327766418
17 1633.3619995117188 642.610595703125 20.2994384765625 63.19287109375 0.8994238376617432
2 1753.8344421386719 1258.81103515625 26.5313720703125 22.031005859375 0.899255633354187
1 455.3453063964844 3104.5374755859375 26.68902587890625 23.0833740234375 0.8990338444709778
42 1608.5970458984375 1884.359619140625 19.7762451171875 59.14208984375 0.8989049792289734
17 938.5177001953125 910.4427490234375 19.931640625 62.658447265625 0.8984261751174927
1 1665.6425170898438 3396.7999267578125 26.8006591796875 22.418701171875 0.8982411623001099
1 2179.47802734375 2702.003219604492 26.898681640625 22.57440185546875 0.8981775045394897
17 1004.8346557617188 518.3026123046875 20.28594970703125 62.96435546875 0.898082971572876
1 1593.2214965820312 3127.04345703125 26.56829833984375 22.84375 0.8980297446250916
1 1753.556640625 1315.4248046875 26.716796875 22.839111328125 0.8980192542076111
27 1705.131103515625 1873.7880859375 33.7099609375 44.811767578125 0.8979004621505737
1 1396.9755020141602 3442.033935546875 26.697952270507812 22.44384765625 0.8977290391921997
18 328.0469970703125 2816.891876220703 21.8658447265625 38.6851806640625 0.8975220322608948
1 1553.6708374023438 2724.521453857422 26.695068359375 22.58294677734375 0.8971092700958252
1 2091.2884521484375 3149.400634765625 26.931640625 22.71142578125 0.8968983888626099
1 1404.9349822998047 1224.96435546875 26.28045654296875 22.62744140625 0.8965908288955688
42 2285.547119140625 578.4288940429688 20.5859375 58.6884765625 0.8961127400398254
5 2217.2947998046875 3237.0674438476562 9.6683349609375 109.5927734375 0.8960865139961243
1 2160.1710205078125 3172.1923828125 26.905029296875 22.642578125 0.8959456086158752
1 1112.01123046875 1805.6826171875 26.20263671875 22.552490234375 0.895605206489563
1 739.9563446044922 1471.2274169921875 26.539474487304688 22.335693359375 0.895410418510437
1 1554.7807006835938 3138.330078125 26.4620361328125 22.540283203125 0.8953965902328491
1 1593.1741943359375 3430.6290283203125 26.9130859375 23.244873046875 0.8953343033790588
2 439.12799072265625 2043.9556884765625 26.686279296875 22.114501953125 0.8952925205230713
42 307.13092041015625 1516.2462615966797 19.6671142578125 59.557525634765625 0.8952690362930298
42 285.2301330566406 1850.921875 20.3189697265625 58.8740234375 0.8949472308158875
1 2082.4881591796875 1224.9183349609375 26.07568359375 22.442626953125 0.894944965839386
2 2039.879150390625 2724.7781982421875 26.829345703125 21.930419921875 0.8947789072990417
1 1367.38671875 3183.6407470703125 26.38671875 22.50927734375 0.8946559429168701
5 1769.336181640625 2731.1494140625 10.20458984375 127.6827392578125 0.8945554494857788
18 2295.830322265625 3489.4427490234375 22.37109375 39.45166015625 0.8942066431045532
1 1349.8479614257812 1304.1701202392578 26.646240234375 22.2421875 0.8940595984458923
42 331.86175537109375 1839.983642578125 20.6121826171875 59.88818359375 0.8937533497810364
1 1929.7545166015625 1315.3428077697754 26.802734375 22.881980895996094 0.8936682343482971
1 2126.5008544921875 2044.2257690429688 25.58154296875 22.038330078125 0.8933583498001099
27 880.189697265625 648.7872314453125 32.93212890625 40.5166015625 0.8932597041130066
1 976.983154296875 1527.9283142089844 26.158935546875 22.40887451171875 0.8931888341903687
2 1936.432861328125 890.585205078125 26.4462890625 21.2025146484375 0.8930190801620483
42 2355.39013671875 600.527587890625 20.176513671875 59.0419921875 0.8928225636482239
48 1140.86767578125 1839.614501953125 13.75927734375 14.08740234375 0.892777144908905
42 2308.671630859375 612.2261962890625 20.21478271484375 59.3956298828125 0.892673671245575
42 1655.4930419921875 2111.9007568359375 20.28802490234375 58.40478515625 0.8925906419754028
42 2308.7581787109375 902.0240478515625 20.085205078125 59.873291015625 0.8924948573112488
1 1918.4730224609375 3217.6266479492188 25.9527587890625 22.5643310546875 0.8924665451049805
1 977.0940551757812 1572.8059692382812 25.9393310546875 21.87646484375 0.8924564719200134
1 1341.6326904296875 3172.688720703125 27.32666015625 22.6591796875 0.8922277092933655
41 2301.092041015625 2088.9158325195312 13.403564453125 56.41326904296875 0.8920496106147766
27 403.6964416503906 890.9714660644531 33.57818603515625 43.4564208984375 0.8915272355079651
5 727.9506225585938 1540.8448486328125 10.090240478515625 142.0379638671875 0.8914936184883118
56 2341.01416015625 2781.5258178710938 13.80908203125 13.6865234375 0.8914273977279663
17 1700.1077270507812 642.8080444335938 20.6514892578125 63.434326171875 0.8914268016815186
1 1177.5926513671875 3115.5335693359375 26.2939453125 22.247802734375 0.8913553953170776
18 1590.65625 647.5245361328125 22.21875 38.716064453125 0.8907678127288818
17 1777.4882202148438 2522.2943725585938 20.8953857421875 63.359619140625 0.8907146453857422
17 2213.2208251953125 2109.324462890625 20.051025390625 63.27142333984375 0.8904446363449097
1 1516.404296875 3430.7864379882812 26.905517578125 22.6656494140625 0.8902748823165894
1 1490.214096069336 3183.76708984375 25.443939208984375 22.5263671875 0.8902699947357178
3 1553.9666137695312 2513.72998046875 32.1004638671875 22.802734375 0.8898077011108398
27 1875.1586303710938 891.020263671875 35.2769775390625 44.1611328125 0.8895571231842041
1 976.892822265625 1505.153564453125 26.078125 22.5423583984375 0.8895362615585327
1 1426.3405456542969 3183.77978515625 25.53369140625 22.4688720703125 0.8892289400100708
36 588.8065795898438 3543.7645263671875 14.015380859375 58.130126953125 0.8884673118591309
56 2340.78857421875 2803.9632568359375 13.42919921875 13.885986328125 0.8882789611816406
37 300.81005859375 2759.0723876953125 19.7314453125 58.656982421875 0.8881393671035767
16 2009.406494140625 2519.552490234375 26.365478515625 10.42431640625 0.8881024122238159
27 1874.6589965820312 601.49169921875 34.399658203125 44.475830078125 0.8879320025444031
5 1466.372802734375 3101.993896484375 9.82666015625 103.4892578125 0.887836217880249
1 1277.7332763671875 3161.0673828125 26.4835205078125 22.56005859375 0.8878085017204285
1 1452.5121459960938 3430.8156127929688 26.557281494140625 22.672607421875 0.8877190947532654
42 2355.4739990234375 890.5773315429688 19.836181640625 59.7650146484375 0.8872717022895813
1 2152.4072875976562 1862.2315673828125 26.192626953125 22.33740234375 0.8869530558586121
27 1119.7194213867188 1552.08203125 34.653076171875 42.079833984375 0.8869381546974182
1 739.990234375 1505.102767944336 26.27685546875 22.646087646484375 0.886900007724762
50 984.1716613769531 3508.38916015625 31.0283203125 18.82861328125 0.8866808414459229
27 1704.9959716796875 2135.6580810546875 32.96759033203125 42.00048828125 0.8864070773124695
36 759.8717041015625 2112.0352172851562 13.541259765625 58.0830078125 0.8863919973373413
1 669.2156295776367 3161.041015625 26.052284240722656 22.58203125 0.8862468004226685
1 1396.8362731933594 3138.27490234375 26.1136474609375 22.606201171875 0.8862444162368774
1 1388.68603515625 1850.85888671875 26.31878662109375 22.4298095703125 0.8862411975860596
1 2152.36376953125 2078.0191650390625 26.06640625 22.519287109375 0.8861678242683411
18 2173.7490234375 1373.4049377441406 22.16357421875 38.665802001953125 0.8860998749732971
17 1544.536376953125 517.8360595703125 20.138916015625 63.382843017578125 0.8858763575553894
1 621.2008056640625 3161.0244140625 26.0145263671875 22.65234375 0.8857261538505554
1 2133.7568969726562 3206.5294799804688 25.8577880859375 22.2384033203125 0.8856560587882996
1 2126.5325927734375 1828.4371337890625 26.06103515625 21.979248046875 0.8852680325508118
37 884.366943359375 2525.777099609375 20.2777099609375 58.150634765625 0.8851611018180847
48 1029.6449279785156 510.11151123046875 13.8883056640625 14.0484619140625 0.8851432800292969
36 602.3728637695312 1930.3936767578125 13.86474609375 59.3017578125 0.8851012587547302
1 739.95849609375 1550.1148071289062 26.266845703125 22.7060546875 0.8850792646408081
42 331.84625244140625 2078.4466094970703 19.4713134765625 59.448028564453125 0.8846474885940552
36 948.1087036132812 1471.2453002929688 13.8695068359375 57.926025390625 0.8846361041069031
36 1433.4622650146484 1236.162841796875 13.202239990234375 57.48486328125 0.8841885328292847
5 1383.1999435424805 2688.4307403564453 9.978164672851562 95.59945678710938 0.8841530680656433
19 1099.786865234375 3174.0606689453125 27.6298828125 62.015380859375 0.8841090798377991
1 1593.1141052246094 3453.2240600585938 26.9927978515625 22.905517578125 0.8839408755302429
36 537.5955810546875 1918.8997802734375 13.46728515625 58.22607421875 0.8839183449745178
2 1191.312744140625 1258.5693969726562 26.87109375 21.77587890625 0.8836892247200012
36 406.7115478515625 2044.1351318359375 13.7769775390625 58.218505859375 0.8836092352867126
18 982.5933837890625 3207.7542724609375 22.12841796875 38.937744140625 0.8834674954414368
5 657.4706611633301 3171.312255859375 9.8133544921875 111.6708984375 0.883305013179779
1 1452.4119873046875 3149.62744140625 26.99462890625 22.72998046875 0.8832563757896423
17 1247.8711547851562 1547.4296875 21.1470947265625 63.463623046875 0.883228063583374
18 1215.3936767578125 2550.2457275390625 21.875 38.782470703125 0.8831323981285095
5 776.2841949462891 2708.383544921875 10.243408203125 79.88427734375 0.8830734491348267
1 513.3108520507812 3104.480224609375 26.553955078125 23.150634765625 0.8830664157867432
1 2268.9501342773438 1270.20849609375 25.9820556640625 22.331787109375 0.8827732801437378
16 2022.4528198242188 3413.6383666992188 26.5115966796875 10.427490234375 0.8826999068260193
29 1756.8690185546875 3418.7052001953125 30.872802734375 41.5791015625 0.8822929263114929
1 2027.6292724609375 1371.9866790771484 26.3304443359375 22.40673828125 0.8820782899856567
42 1632.5487060546875 2077.8843994140625 19.248291015625 59.21533203125 0.8818283081054688
17 1750.094970703125 1437.154541015625 20.0931396484375 63.578369140625 0.8809636235237122
1 1037.76220703125 1651.9429626464844 26.3798828125 22.36431884765625 0.8808864951133728
1 513.66796875 3138.23046875 25.336883544921875 22.48486328125 0.880847156047821
1 1452.3654022216797 3127.06005859375 26.724853515625 23.080322265625 0.8806918263435364
27 1705.7776489257812 2089.7845764160156 34.99444580078125 44.23516845703125 0.8805298209190369
5 1512.1546630859375 1212.35546875 9.96630859375 74.127197265625 0.8804778456687927
1 1753.8045654296875 1338.0798721313477 26.171142578125 22.539520263671875 0.8803186416625977
17 784.7513427734375 1892.6842651367188 19.953125 62.1453857421875 0.8802517056465149
1 455.4481201171875 3127.25439453125 26.4356689453125 22.69873046875 0.8800554871559143
18 1551.665283203125 2413.8955078125 22.223388671875 39.136474609375 0.8796699047088623
1 1567.0074157714844 3183.799072265625 25.365234375 22.384521484375 0.8796260952949524
1 1112.345703125 1850.97509765625 25.855712890625 21.936279296875 0.8796100616455078
5 1307.4076137542725 2679.291259765625 10.252666473388672 75.386962890625 0.8794400095939636
42 308.4325256347656 2123.1072998046875 19.96173095703125 59.808349609375 0.8793484568595886
36 404.68243408203125 1258.4552001953125 13.7734375 57.37158203125 0.8791398406028748
1 2298.5361938476562 3228.808837890625 25.9923095703125 22.479248046875 0.8791003823280334
1 1388.5184936523438 1805.529541015625 26.264816284179688 22.587646484375 0.8789539337158203
54 1553.7837524414062 2367.459197998047 50.65673828125 30.2149658203125 0.8784022331237793
36 300.66180419921875 3058.777099609375 13.8519287109375 57.29931640625 0.8782919645309448
19 1042.253173828125 3184.3582763671875 27.7900390625 62.5810546875 0.8775912523269653
18 1629.1825561523438 3140.0274658203125 22.45849609375 39.016357421875 0.8773269653320312
1 1593.5040588378906 3476.0262451171875 26.13311767578125 22.2408447265625 0.8772821426391602
2 2092.0775146484375 879.2463531494141 26.8955078125 22.445648193359375 0.8770122528076172
5 1355.5492095947266 3120.080810546875 9.908294677734375 107.64453125 0.8767238855361938
36 408.56744384765625 1963.754638671875 13.9256591796875 57.7698974609375 0.876717209815979
36 1079.6800537109375 1805.6528930664062 14.079345703125 58.5421142578125 0.8766993880271912
5 561.0657348632812 2524.865966796875 9.80322265625 90.236328125 0.8765353560447693
1 1516.2264404296875 3149.64599609375 26.827392578125 22.7783203125 0.8761107325553894
18 1885.3046875 1328.4837646484375 22.431396484375 39.315155029296875 0.8760626316070557
1 681.2222518920898 3408.01953125 26.02202033996582 22.553466796875 0.875658392906189
42 2332.2530517578125 857.09619140625 20.4541015625 59.9169921875 0.8754609227180481
1 2027.3526000976562 1326.6284370422363 26.1697998046875 22.659744262695312 0.875425398349762
1 1516.2376403808594 3172.4727172851562 26.68511962890625 22.499755859375 0.8752260804176331
5 1872.041015625 1863.9990844726562 10.30859375 137.68359375 0.875169038772583
1 1592.9581604003906 3104.5755615234375 26.43896484375 22.403076171875 0.8749985694885254
5 902.31640625 2835.352081298828 9.822265625 85.94488525390625 0.8746064901351929
5 1079.740234375 2700.510238647461 10.19091796875 96.21212768554688 0.8745574355125427
1 2091.6571044921875 3228.7882080078125 25.536865234375 22.1865234375 0.8743005990982056
5 374.4518737792969 2439.22314453125 9.9700927734375 62.907958984375 0.874019205570221
36 406.7720947265625 2168.4229736328125 13.521728515625 57.80633544921875 0.87401282787323
27 403.83087158203125 601.4892578125 33.55450439453125 43.575927734375 0.8738913536071777
1 621.3853759765625 3138.3319091796875 25.997314453125 22.544921875 0.8738247156143188
5 1357.3614196777344 2554.2843017578125 9.721771240234375 81.044921875 0.8736851811408997
36 711.18310546875 1258.1029052734375 13.7060546875 57.6435546875 0.873434841632843
2 479.4055480957031 754.490478515625 26.3392333984375 21.8831787109375 0.8733938932418823
36 539.35107421875 2089.3162841796875 14.0826416015625 57.9661865234375 0.873227059841156
1 1781.37255859375 2702.0614013671875 25.98291015625 22.611328125 0.8729789853096008
5 489.6594543457031 1941.36474609375 9.84527587890625 68.8829345703125 0.8720771074295044
5 1883.56689453125 2736.404296875 10.0244140625 115.527099609375 0.8720617890357971
5 1426.560546875 891.5453338623047 10.1005859375 90.92562866210938 0.8717103600502014
1 1138.947998046875 3093.26806640625 26.033203125 22.346923828125 0.8716385960578918
1 1929.8019409179688 1338.1029739379883 26.4293212890625 22.864456176757812 0.871627926826477
36 1162.59912109375 1258.0702514648438 13.49951171875 56.44384765625 0.8709705471992493
18 1106.552978515625 647.6712646484375 22.303955078125 39.176513671875 0.8708859086036682
1 826.414794921875 1629.2733154296875 26.03765869140625 22.60595703125 0.8706258535385132
41 2300.9151611328125 1850.35986328125 13.333984375 57.04443359375 0.8704013824462891
5 1769.498779296875 540.0023193359375 9.828125 80.253662109375 0.8701062202453613
48 1037.525634765625 589.5084228515625 13.16162109375 13.6590576171875 0.8699832558631897
1 413.6837158203125 3138.2052001953125 26.05401611328125 22.162353515625 0.8698877692222595
1 579.1502685546875 3138.4443359375 25.774169921875 22.0802001953125 0.8698419332504272
36 1998.6524658203125 1303.7877197265625 13.95263671875 56.412841796875 0.8695436120033264
5 2151.1142578125 1194.8568115234375 9.904052734375 84.486572265625 0.8695139288902283
48 1342.51318359375 924.3362121582031 12.9512939453125 13.2879638671875 0.8693503737449646
36 1162.54638671875 1314.9485473632812 13.53466796875 56.060302734375 0.868569552898407
5 825.6170654296875 3086.611083984375 10.203369140625 86.616455078125 0.8683677911758423
5 1607.0545654296875 3086.3494873046875 9.796875 85.8455810546875 0.8682006001472473
1 1516.1434020996094 3127.15869140625 26.41839599609375 22.81982421875 0.8680889010429382
1 1452.2659912109375 3172.563720703125 26.814697265625 22.622802734375 0.8679900169372559
65 1635.8607482910156 483.7980041503906 33.9471435546875 33.5689697265625 0.8679780960083008
48 389.1890869140625 2469.1484375 13.51416015625 14.02978515625 0.867814302444458
5 1338.1512451171875 1323.3708000183105 10.336669921875 83.91394805908203 0.8677193522453308
1 620.6171875 3464.892578125 25.729248046875 22.391357421875 0.867669403553009
5 493.36572265625 740.0687255859375 9.3814697265625 124.5107421875 0.867565393447876
5 401.369140625 3158.072265625 9.8294677734375 109.649658203125 0.8672186136245728
1 2298.5081787109375 3206.2747802734375 26.340576171875 22.2353515625 0.86711585521698
1 1191.318115234375 1315.6205291748047 26.547119140625 22.425430297851562 0.8669669032096863
5 998.7733764648438 3110.628662109375 10.47509765625 78.97998046875 0.8667259812355042
48 1140.728515625 1794.4857177734375 13.1279296875 13.02001953125 0.866524338722229
1 1554.6278991699219 3115.664306640625 26.09637451171875 22.67041015625 0.8665152788162231
1 669.37841796875 3138.38232421875 26.143310546875 22.7060546875 0.8664001226425171
36 1378.973388671875 1224.743896484375 13.670166015625 57.5672607421875 0.8663141131401062
17 490.4190673828125 1547.51416015625 20.5421142578125 64.488525390625 0.8663120865821838
2 479.4219970703125 777.4029541015625 26.0545654296875 22.03125 0.8662962317466736
1 2037.7352294921875 1918.7066650390625 26.23828125 22.309814453125 0.8661811947822571
5 2197.41552734375 3146.646240234375 9.481689453125 125.78369140625 0.8661044836044312
48 1417.0612487792969 2145.9095153808594 13.63775634765625 13.87841796875 0.8660426735877991
36 300.541015625 3138.2880859375 13.628173828125 56.50830078125 0.8657323718070984
42 1608.5486755371094 2123.119384765625 19.27581787109375 59.634765625 0.8656961917877197
36 2111.0692749023438 1236.326171875 13.723388671875 58.36865234375 0.8655309081077576
5 1767.5208740234375 1516.4214935302734 10.159912109375 72.88552856445312 0.865225613117218
16 726.22705078125 617.48974609375 27.8292236328125 10.804443359375 0.865196704864502
37 978.9639282226562 578.669189453125 19.2757568359375 60.00048828125 0.8651536107063293
1 1667.98291015625 2724.6522216796875 25.92486572265625 22.3642578125 0.8651155829429626
18 1629.1578369140625 3489.1375732421875 22.17340087890625 39.69482421875 0.8647139072418213
36 687.5176010131836 1504.7823486328125 13.964889526367188 57.844085693359375 0.8647069931030273
1 1555.0646362304688 3453.47802734375 25.996826171875 22.6116943359375 0.864660382270813
6 480.2589111328125 3034.566162109375 21.19287109375 69.44921875 0.864581286907196
5 1530.0592041015625 3099.18212890625 10.06103515625 106.5908203125 0.8633888363838196
36 1703.179931640625 1314.3355102539062 13.9091796875 56.936279296875 0.8633809089660645
1 826.3460693359375 1561.5935668945312 25.8887939453125 22.45703125 0.8633427619934082
18 1629.1021728515625 3207.9933471679688 22.09228515625 39.833251953125 0.8630697131156921
6 1369.5376739501953 2553.549072265625 24.038787841796875 64.28369140625 0.8628492951393127
1 539.81494140625 646.1167602539062 18.759521484375 16.27587890625 0.8625869154930115
18 2173.5963134765625 1328.3757247924805 22.2119140625 38.878875732421875 0.862368106842041
36 1724.9755859375 1258.439208984375 13.7138671875 56.868408203125 0.8623515367507935
36 588.7262573242188 3464.794921875 14.01806640625 57.0804443359375 0.862234354019165
1 1292.8199462890625 1315.5835800170898 25.93212890625 22.437408447265625 0.862052321434021
1 2160.3480224609375 3194.845703125 26.85107421875 22.958251953125 0.861984372138977
1 2037.61181640625 1873.3941650390625 26.442138671875 22.5859375 0.8619036078453064
1 2037.60986328125 1896.07373046875 26.2098388671875 22.733642578125 0.8618977665901184
1 1593.0851440429688 3407.9119262695312 26.5965576171875 22.843994140625 0.8617981672286987
5 346.2448425292969 3463.7382202148438 9.58721923828125 165.1849365234375 0.861673891544342
5 586.4900512695312 596.978515625 9.7318115234375 79.99560546875 0.8616706132888794
16 2021.837890625 3458.99658203125 26.2332763671875 10.773193359375 0.8613923192024231
48 1417.0885009765625 1794.3714599609375 13.351287841796875 13.5709228515625 0.8613168001174927
1 333.4902038574219 3138.1942138671875 25.1966552734375 22.134765625 0.861298143863678
35 880.2486877441406 3092.9564208984375 16.836578369140625 53.0703125 0.8610354065895081
41 2324.305419921875 1884.71240234375 13.38916015625 56.6396484375 0.8609189391136169
41 2335.5643310546875 2077.180908203125 12.975830078125 55.84130859375 0.8607604503631592
5 1235.1363525390625 609.15869140625 9.02392578125 86.0732421875 0.8606787323951721
5 902.3660278320312 2561.9298706054688 10.03369140625 75.356689453125 0.8605690598487854
5 1620.4678344726562 1366.863525390625 9.83935546875 79.528564453125 0.8604063987731934
5 1231.455322265625 2684.568260192871 9.596923828125 86.75205993652344 0.8602614402770996
5 1655.7911376953125 2737.3521728515625 10.10455322265625 118.5604248046875 0.8602522611618042
5 1846.5743408203125 1522.8499908447266 10.3544921875 78.86038208007812 0.8602036833763123
1 512.936279296875 657.4002685546875 19.106414794921875 16.0440673828125 0.8597392439842224
5 1607.0155029296875 3390.3193969726562 10.0301513671875 86.3436279296875 0.8596798181533813
5 443.5848388671875 3157.999755859375 9.8138427734375 109.6107177734375 0.8594477772712708
5 2315.2091064453125 1366.6959838867188 9.423828125 79.558837890625 0.8593500256538391
1 1452.9590454101562 3453.4996337890625 25.305938720703125 22.307861328125 0.8593479990959167
36 1071.794677734375 1850.61279296875 13.6181640625 56.655517578125 0.8591651916503906
5 501.46478271484375 3152.1031494140625 9.70953369140625 144.186767578125 0.858971357345581
2 332.392333984375 3464.6513061523438 25.4327392578125 21.819580078125 0.8588153719902039
5 566.9931640625 3160.291748046875 9.8319091796875 132.693359375 0.858477771282196
5 1991.2240600585938 988.4271545410156 9.4893798828125 62.232666015625 0.8581989407539368
5 1418.3826751708984 1188.8963012695312 10.048553466796875 71.9488525390625 0.8575811386108398
41 2358.388427734375 2111.3065185546875 13.5517578125 57.25537109375 0.8571556806564331
5 1155.59814453125 2439.3311767578125 10.42529296875 87.073974609375 0.8568792343139648
36 1565.3386840820312 1269.5804443359375 13.92919921875 57.9638671875 0.8567187786102295
36 1861.2325439453125 1573.2135925292969 13.853515625 58.2325439453125 0.8564310073852539
5 2189.5733642578125 1211.9766845703125 10.068359375 73.8837890625 0.8563710451126099
5 965.015380859375 1551.7124633789062 10.093505859375 162.71417236328125 0.8561069965362549
5 663.3458251953125 609.7703857421875 10.001220703125 98.30615234375 0.8560494184494019
5 2041.0468139648438 1561.2911987304688 10.06103515625 73.012939453125 0.8560181260108948
36 1958.2606201171875 1583.7253723144531 13.7073974609375 59.231689453125 0.8557933568954468
48 1140.69091796875 1771.836669921875 13.23046875 13.68212890625 0.8555324077606201
5 1357.5358276367188 2806.8412170410156 9.45574951171875 74.9925537109375 0.8553779125213623
1 1516.833251953125 3453.4467163085938 25.80023193359375 22.56787109375 0.8552159667015076
48 1416.9758605957031 1839.6177978515625 13.45611572265625 14.02685546875 0.855187177658081
36 546.7396240234375 3093.0224609375 13.855224609375 58.77392578125 0.8546692132949829
5 363.1350402832031 3158.7626953125 9.60589599609375 107.765625 0.8544329404830933
41 2335.56640625 1837.943603515625 13.52587890625 56.154296875 0.8541918396949768
5 1875.99267578125 1401.8446044921875 9.69384765625 62.874755859375 0.8540865778923035
5 1473.59912109375 1195.5770263671875 10.298828125 86.538818359375 0.8533768057823181
5 1402.1732177734375 2077.3388671875 10.291748046875 75.17578125 0.8531975150108337
5 852.2638244628906 2453.449462890625 10.095947265625 80.787109375 0.8531524538993835
5 2243.1845703125 3123.811767578125 9.874267578125 80.25537109375 0.8528866767883301
5 485.3322448730469 2531.7210083007812 9.875 79.5474853515625 0.8528251051902771
48 817.2401733398438 2100.9794921875 13.62091064453125 13.492919921875 0.8526315093040466
36 1565.0637817382812 1337.825439453125 13.97021484375 57.589599609375 0.8525104522705078
5 1327.3709182739258 891.2642211914062 9.586418151855469 90.5074462890625 0.8520695567131042
1 826.4598388671875 1584.5802001953125 25.67626953125 22.774169921875 0.8520649671554565
5 1307.4902153015137 2464.8760986328125 10.355400085449219 78.5277099609375 0.8514719605445862
5 561.1358642578125 2855.6202392578125 9.874755859375 79.748046875 0.8514126539230347
5 493.30584716796875 605.5909423828125 9.2545166015625 84.018798828125 0.8513246774673462
5 1512.21142578125 1441.7769775390625 10.12744140625 63.154815673828125 0.8512925505638123
16 554.9625244140625 1544.5936279296875 26.089111328125 10.51904296875 0.8509476780891418
5 1054.0548095703125 2840.045440673828 9.968994140625 75.66717529296875 0.850933849811554
5 2025.4714965820312 1920.90185546875 10.226806640625 140.679443359375 0.8509155511856079
5 1910.1025390625 1857.3887329101562 10.1171875 126.758056640625 0.8506600260734558
5 1079.818603515625 2433.660400390625 10.64306640625 74.4033203125 0.8505898118019104
2 1936.5487670898438 867.4651489257812 26.12255859375 21.7630615234375 0.8505010008811951
5 1338.0584678649902 1572.4812622070312 9.784919738769531 70.323974609375 0.8504934906959534
48 817.3124389648438 2145.88818359375 13.7484130859375 14.197265625 0.850387692451477
5 1155.567626953125 2695.403289794922 10.171875 86.97430419921875 0.8499066233634949
5 1679.68359375 3077.67822265625 10.16943359375 81.13916015625 0.8494879007339478
5 1179.350830078125 1329.4715576171875 10.267578125 95.843017578125 0.8493908643722534
1 375.24786376953125 3138.3839111328125 25.761474609375 22.107666015625 0.8491431474685669
5 1803.6710205078125 3507.0787353515625 9.450439453125 60.45947265625 0.8490567803382874
5 1581.380859375 3495.8973388671875 10.3895263671875 85.37451171875 0.8490287661552429
5 344.35333251953125 2728.359619140625 10.019287109375 62.0350341796875 0.8489959239959717
5 1410.8607788085938 3114.212890625 10.1856689453125 96.2529296875 0.848468005657196
5 740.0278778076172 759.8018264770508 9.905059814453125 64.09660339355469 0.8483395576477051
5 609.179443359375 3165.9196166992188 9.9459228515625 122.4049072265625 0.8481633067131042
5 1465.0284423828125 885.9050750732422 9.88751220703125 78.25595092773438 0.8480658531188965
5 634.5521240234375 3444.146728515625 9.2718505859375 204.021728515625 0.8479973673820496
5 1265.71728515625 1463.8297119140625 10.10302734375 62.80322265625 0.847879946231842
42 1585.441650390625 1851.115478515625 19.749267578125 59.0615234375 0.8476530909538269
5 2257.5140380859375 1374.6742553710938 9.88232421875 72.71142578125 0.8475013971328735
36 926.1744384765625 1504.94580078125 14.0966796875 57.05712890625 0.8473057150840759
5 1907.152099609375 3551.27880859375 9.23486328125 62.2607421875 0.8472632169723511
5 1205.9085693359375 2814.4119262695312 9.662109375 66.1033935546875 0.8470585346221924
42 2332.3172607421875 566.939697265625 19.527587890625 59.319580078125 0.846929669380188
56 1770.1074829101562 2100.7470703125 13.9713134765625 13.83251953125 0.8469216227531433
5 1901.4854736328125 1538.3146362304688 9.701171875 73.1514892578125 0.8468742370605469
48 1417.1697387695312 1771.7575988769531 13.561431884765625 13.66973876953125 0.8465913534164429
48 649.6539306640625 3543.9237060546875 13.248291015625 13.3876953125 0.8464305400848389
5 421.525634765625 1580.2359619140625 9.87713623046875 61.7984619140625 0.84637451171875
5 2227.9564208984375 1218.3790283203125 10.182373046875 77.580078125 0.8463670611381531
5 2286.1813354492188 3237.4049072265625 9.5819091796875 107.4482421875 0.8462066054344177
5 2283.271240234375 1560.7008666992188 9.3984375 74.885986328125 0.8460500240325928
5 409.5396728515625 2526.0391845703125 9.8983154296875 90.8701171875 0.8456922769546509
6 1690.664306640625 3080.1201171875 21.291259765625 67.92919921875 0.8453263640403748
5 2148.1248168945312 3232.2994384765625 9.43701171875 118.76220703125 0.8450949788093567
1 2011.1068115234375 1929.8800048828125 25.043701171875 22.445556640625 0.8450421094894409
5 1829.45166015625 3189.401123046875 9.885009765625 84.527587890625 0.8448749780654907
5 1550.4326171875 1219.3934326171875 9.9443359375 80.158447265625 0.8446982502937317
6 1930.1502075195312 1377.527587890625 24.061279296875 62.7265625 0.8444518446922302
5 554.3201904296875 1949.254638671875 9.830322265625 61.4951171875 0.8443902134895325
6 1665.99169921875 3439.9488525390625 23.670166015625 65.33203125 0.8443474769592285
5 1543.0665893554688 3478.80224609375 9.7303466796875 96.8963623046875 0.844203770160675
48 361.47528076171875 3543.7902221679688 13.1387939453125 13.500244140625 0.844194233417511
5 1003.8544921875 2688.899398803711 9.892822265625 74.21087646484375 0.8441502451896667
41 2358.574951171875 1872.785400390625 13.548828125 58.0263671875 0.8440391421318054
36 947.977783203125 1527.3805847167969 13.889404296875 56.123291015625 0.8439715504646301
36 1321.185791015625 1304.20751953125 13.46142578125 56.964111328125 0.8435603380203247
5 485.3212890625 2862.4193725585938 9.89569091796875 73.6304931640625 0.8435524702072144
5 2022.7974243164062 2696.42724609375 9.708740234375 65.039306640625 0.8434396386146545
5 1231.6256103515625 2456.267822265625 10.41015625 74.43505859375 0.8431416153907776
5 1651.1599731445312 538.7816162109375 9.59423828125 62.288787841796875 0.8430802226066589
36 2243.0886840820312 1270.371337890625 13.12890625 58.6435546875 0.842698872089386
5 2010.337646484375 3259.422607421875 9.8486328125 61.3154296875 0.8424781560897827
5 1918.0487060546875 1367.6560668945312 9.7890625 102.2578125 0.8422832489013672
48 361.2857666015625 3059.1351318359375 13.5665283203125 13.572265625 0.8421986103057861
5 1291.3494682312012 3115.492431640625 9.880279541015625 95.7060546875 0.8421381711959839
5 701.6042861938477 616.1990966796875 9.659988403320312 107.962646484375 0.8419127464294434
5 1562.1049194335938 894.642822265625 9.68408203125 84.265869140625 0.8414467573165894
5 1410.8985595703125 3383.6124267578125 9.87896728515625 74.9697265625 0.8414167165756226
5 1388.1561279296875 896.892822265625 9.479095458984375 103.54730224609375 0.8411174416542053
5 1059.2490844726562 3469.5844116210938 9.46484375 77.900146484375 0.8410768508911133
5 1291.2146844863892 3462.5626220703125 9.430679321289062 86.345703125 0.8408142924308777
5 346.339599609375 3030.87451171875 10.038818359375 63.60595703125 0.8402331471443176
5 1767.6883544921875 1229.61474609375 10.041015625 64.11328125 0.8401502370834351
5 1646.1988525390625 1237.16943359375 9.938720703125 91.48681640625 0.8400387763977051
5 1459.2179870605469 2684.40673828125 9.7730712890625 86.670654296875 0.8397479057312012
5 996.9124755859375 620.2459106445312 9.4423828125 83.1317138671875 0.8392748236656189
5 1205.181396484375 1475.4189453125 10.357421875 62.39990234375 0.8392080664634705
5 2340.794677734375 1238.0472412109375 9.894287109375 90.860595703125 0.838895857334137
5 318.6663818359375 2520.0347290039062 9.7396240234375 102.9693603515625 0.8385762572288513
5 2189.547607421875 1561.2772216796875 9.67919921875 74.33056640625 0.8382855653762817
5 1607.6735229492188 1229.4318237304688 10.2535400390625 83.499267578125 0.8380959630012512
6 1292.5802001953125 1355.1402587890625 23.6646728515625 62.97265625 0.8378461599349976
5 1383.1482238769531 2474.5917358398438 9.975372314453125 86.2318115234375 0.8375304937362671
5 2061.5675048828125 642.3294067382812 9.625732421875 80.98046875 0.8375234603881836
5 449.2335205078125 1187.6275634765625 10.40521240234375 74.3687744140625 0.8373985290527344
5 452.6598205566406 2016.2774658203125 10.19635009765625 61.103759765625 0.8372349739074707
5 2140.3356323242188 2097.689453125 9.796875 131.4677734375 0.8372036218643188
5 1653.9232177734375 3437.81884765625 10.2158203125 82.505615234375 0.8371896147727966
6 787.8832244873047 2712.1080322265625 21.353515625 68.8399658203125 0.8371421694755554
36 1724.631103515625 1337.30126953125 13.82470703125 56.274658203125 0.8370554447174072
5 1385.1800994873047 3478.6751098632812 9.638641357421875 73.9368896484375 0.8370194435119629
5 1291.3122091293335 3373.2872314453125 9.741189956665039 75.25927734375 0.8368815183639526
5 2095.98681640625 1188.7041015625 10.253662109375 72.82666015625 0.8367427587509155
5 1260.9266357421875 895.2017517089844 9.82421875 84.66961669921875 0.8366960883140564
5 1459.3171997070312 2481.0361328125 9.9986572265625 90.125 0.8365931510925293
36 2055.8836059570312 1224.92529296875 13.850830078125 58.09521484375 0.8365185260772705
5 1122.54638671875 551.0782470703125 9.806640625 81.997314453125 0.8364536762237549
51 771.7442474365234 3362.7317504882812 26.1683349609375 7.1041259765625 0.8364062905311584
56 1770.128173828125 2123.3743591308594 14.2900390625 14.16937255859375 0.8364042639732361
5 2105.534423828125 650.3974609375 9.7841796875 85.328369140625 0.8361078500747681
5 759.9349365234375 3187.583984375 9.68505859375 79.69482421875 0.8355266451835632
48 1417.0957336425781 2100.9296875 13.3756103515625 13.348876953125 0.8355240225791931
5 1828.9733276367188 2166.8912963867188 10.2791748046875 119.662353515625 0.8353539705276489
69 774.2093963623047 1578.5718994140625 15.274322509765625 127.62982177734375 0.8353453278541565
5 1466.3546142578125 3379.2525634765625 9.79901123046875 61.512939453125 0.8352352380752563
56 1769.9976806640625 1884.830078125 13.817626953125 13.65380859375 0.8351448178291321
5 814.2368316650391 1607.9182739257812 10.121124267578125 160.45616149902344 0.8350650668144226
5 1541.9471435546875 2761.8538818359375 10.186767578125 74.14208984375 0.8346706628799438
5 1653.9447021484375 3189.998779296875 10.029296875 79.5408935546875 0.8342984318733215
5 2311.964111328125 3117.2474975585938 9.66650390625 68.131591796875 0.8342108130455017
6 1548.419189453125 621.6084594726562 23.2337646484375 65.8116455078125 0.833740234375
5 1179.46728515625 1547.0679626464844 10.13427734375 82.96875 0.8337385058403015
5 1376.5570373535156 1859.097900390625 9.840118408203125 150.7225341796875 0.83336341381073
5 1679.438720703125 3302.302734375 9.82470703125 81.90673828125 0.8328803777694702
5 2079.4970703125 3238.06298828125 9.880859375 109.614990234375 0.8326293230056763
5 998.6002502441406 3415.8286743164062 9.75921630859375 80.66015625 0.8319898247718811
41 2324.2078857421875 2124.064498901367 13.4677734375 57.457733154296875 0.8315348029136658
5 2027.9364013671875 2765.547119140625 9.4833984375 85.098388671875 0.8315197229385376
5 1355.5055541992188 3375.776123046875 9.7650146484375 68.1337890625 0.8313503861427307
5 568.7960205078125 1187.02685546875 10.35400390625 78.59423828125 0.8310952186584473
5 1826.083740234375 2672.77099609375 10.12890625 63.973388671875 0.8310628533363342
5 619.37939453125 1960.5742797851562 9.7169189453125 61.1732177734375 0.8302914500236511
5 1807.950927734375 531.8328857421875 9.7734375 74.35891723632812 0.8300685286521912
5 1329.7389450073242 3469.010009765625 9.983413696289062 78.2637939453125 0.8300639390945435
5 921.6103515625 3069.0686645507812 10.15234375 74.4263916015625 0.8298169374465942
5 750.9248504638672 2495.5750732421875 9.991302490234375 74.62841796875 0.8297123908996582
5 928.0914306640625 2450.344482421875 10.039794921875 108.05322265625 0.8295906782150269
5 1130.35107421875 2834.5158081054688 9.88720703125 83.81431579589844 0.8292742371559143
42 1632.5284423828125 1839.7354736328125 19.216796875 58.69677734375 0.8287645578384399
5 1100.18505859375 1858.876953125 10.0419921875 151.62548828125 0.8287492394447327
5 1950.443359375 848.8989868164062 9.695556640625 83.94268798828125 0.8286957144737244
5 1301.9520072937012 642.8839111328125 9.68060302734375 83.095703125 0.828331470489502
65 478.4773254394531 540.6865234375 31.75335693359375 33.177978515625 0.8282836079597473
5 1147.5997924804688 3461.07421875 9.486328125 83.8831787109375 0.827455997467041
5 802.5578918457031 2077.1346435546875 10.30126953125 75.409912109375 0.8269899487495422
5 776.7430419921875 2165.032958984375 10.01708984375 61.754150390625 0.8269271850585938
5 2104.9641723632812 3118.00634765625 9.9923095703125 69.73583984375 0.8267885446548462
5 636.9010009765625 2838.7276000976562 9.996826171875 67.88037109375 0.8266202211380005
5 928.2216186523438 2694.6419677734375 10.1644287109375 84.88525390625 0.8265968561172485
48 1665.9210510253906 566.7142333984375 13.74676513671875 13.81689453125 0.8264725804328918
5 1363.4510498046875 1453.1999206542969 10.0601806640625 63.56243896484375 0.8261487483978271
5 2015.3897705078125 1369.0808334350586 9.713623046875 131.5320281982422 0.8257846832275391
5 2041.1728515625 1206.5679931640625 10.0849609375 108.02001953125 0.8256211280822754
5 2172.34619140625 648.0109252929688 9.96435546875 68.6766357421875 0.8254599571228027
5 755.4329528808594 1187.246826171875 9.494140625 79.02294921875 0.8248263597488403
56 1770.1485595703125 1907.231689453125 14.58251953125 14.065673828125 0.8248149156570435
36 794.0386810302734 1527.3287353515625 12.890625 57.29541015625 0.8245865702629089
6 1665.6005859375 3189.6705932617188 23.877685546875 63.3077392578125 0.8243844509124756
5 1191.3851318359375 3088.7272338867188 10.072265625 102.205322265625 0.8243204355239868
5 636.9556884765625 2501.754150390625 10.1029052734375 67.4091796875 0.8240073919296265
5 1280.8325805664062 1337.758056640625 9.76953125 112.630126953125 0.8239622712135315
5 469.1854248046875 3032.625244140625 9.6334228515625 81.901123046875 0.8235167264938354
5 784.8330993652344 2445.102294921875 10.31329345703125 75.107421875 0.8232269883155823
5 2282.9041748046875 1244.78076171875 9.898193359375 120.8466796875 0.8228381872177124
5 960.222900390625 3086.798095703125 9.77490234375 63.2786865234375 0.8216078281402588
5 760.1049957275391 3427.86962890625 9.718780517578125 86.1722412109375 0.8213585019111633
5 1568.32763671875 3092.047607421875 10.184326171875 96.19384765625 0.8205721378326416
42 1585.5488891601562 2089.25537109375 20.0238037109375 58.4188232421875 0.8204742074012756
5 1741.839111328125 1357.867919921875 9.8037109375 86.0498046875 0.820380687713623
5 1567.5833740234375 2652.6250610351562 10.039306640625 101.908203125 0.8180797100067139
5 1651.288818359375 951.7495727539062 9.861328125 87.5970458984375 0.8180161118507385
5 1440.6083068847656 3478.513671875 9.5216064453125 96.3154296875 0.8177370429039001
5 1582.0637817382812 1373.5169677734375 9.998779296875 73.568603515625 0.8172248005867004
48 649.4575309753418 3453.4991455078125 13.499382019042969 14.14111328125 0.8169858455657959
5 624.870849609375 603.473876953125 9.8388671875 89.34326171875 0.8162918090820312
5 1943.849853515625 1538.2648315429688 10.23828125 69.33888244628906 0.8162273168563843
5 320.87896728515625 3158.6083984375 9.79107666015625 108.286865234375 0.8157410621643066
5 1681.407958984375 2616.3920288085938 9.96533203125 64.6676025390625 0.8156419992446899
5 1717.6124267578125 894.5114135742188 9.96240234375 84.42132568359375 0.815601646900177
5 1376.4310913085938 2177.1959228515625 10.140289306640625 63.004150390625 0.815468430519104
5 2140.32763671875 1881.727294921875 9.890869140625 130.94775390625 0.815353512763977
5 1530.1639709472656 3379.7880859375 9.91070556640625 63.7353515625 0.8152533173561096
5 806.702392578125 752.4437255859375 10.14337158203125 80.08026123046875 0.8149438500404358
5 1205.2344970703125 1229.8115844726562 10.267578125 63.446533203125 0.8145959377288818
5 2096.046630859375 1560.9998474121094 9.802490234375 72.89306640625 0.8144990801811218
5 1054.31982421875 2578.6370849609375 9.9521484375 61.05517578125 0.8144580721855164
5 930.2901306152344 619.2996826171875 9.59112548828125 84.564697265625 0.8133493065834045
5 1055.778076171875 3099.8060302734375 10.15374755859375 79.377197265625 0.8127345442771912
5 1829.4422607421875 3348.9227294921875 9.89501953125 166.4033203125 0.8126314878463745
5 2193.2630004882812 2659.743377685547 9.700927734375 85.2723388671875 0.8116655349731445
5 1439.4693603515625 619.1868286132812 9.75537109375 84.3465576171875 0.8098990321159363
5 1089.0489807128906 905.3147583007812 9.97003173828125 86.69749450683594 0.8095190525054932
48 361.14093017578125 3453.5772705078125 12.9560546875 13.49853515625 0.8085660934448242
5 2035.9482421875 3145.7103271484375 9.4588623046875 125.216064453125 0.8081589937210083
5 1265.61376953125 3214.6116943359375 9.546875 64.3785400390625 0.8076518177986145
5 1025.658935546875 1641.6839599609375 10.2685546875 138.5184326171875 0.8076287508010864
5 1948.639404296875 1844.8271484375 10.1044921875 107.380126953125 0.8054264187812805
5 2216.8299560546875 656.06103515625 10.080078125 74.683837890625 0.8039513230323792
49 733.488525390625 1619.64013671875 12.25341796875 12.2548828125 0.8037034869194031
18 775.3967742919922 3125.6258544921875 22.256683349609375 31.757568359375 0.8035367727279663
5 1950.4006958007812 638.2648315429688 9.9578857421875 86.6790771484375 0.8024777173995972
51 1450.7321166992188 554.5167236328125 26.092529296875 8.325927734375 0.8015640377998352
18 1628.9047241210938 3420.8527221679688 22.6881103515625 39.312744140625 0.8014807105064392
5 2146.8215942382812 1030.875732421875 9.7137451171875 149.498291015625 0.8010632991790771
5 580.0531616210938 2060.4944458007812 10.3243408203125 61.0906982421875 0.7999629378318787
5 1153.15380859375 3085.86767578125 10.0693359375 107.04513549804688 0.7993499636650085
5 1363.5451354980469 1206.033935546875 9.960159301757812 107.3734130859375 0.7991150617599487
5 2051.271728515625 2169.618881225586 10.06298828125 113.33828735351562 0.7984373569488525
5 1808.029296875 1516.7062683105469 9.958251953125 71.334716796875 0.7981845140457153
5 1355.4397277832031 3214.824951171875 9.905349731445312 62.963134765625 0.7971363067626953
1 771.5307006835938 3150.5160522460938 27.328704833984375 21.865234375 0.7969537973403931
5 1504.1972351074219 3478.5340576171875 9.50665283203125 97.218994140625 0.7956984639167786
6 1690.492919921875 3304.5535888671875 21.67919921875 69.9244384765625 0.7954843640327454
5 1440.5582885742188 3208.534423828125 9.71954345703125 74.4281005859375 0.7909421920776367
5 510.99774169921875 2745.643508911133 10.0101318359375 73.29327392578125 0.7897469401359558
5 2105.7030029296875 860.9115447998047 9.896484375 84.53671264648438 0.7885036468505859
5 1999.0050048828125 1546.52099609375 10.003173828125 80.880126953125 0.7884499430656433
5 522.69921875 630.2330322265625 9.22998046875 56.65625 0.7877035737037659
5 2098.49365234375 2169.941162109375 9.6795654296875 114.613037109375 0.7865024209022522
5 629.6629638671875 1218.065673828125 10.63916015625 130.7236328125 0.7863947153091431
5 2016.891357421875 632.9580078125 9.940185546875 72.1605224609375 0.785880446434021
5 750.8040771484375 2828.8997802734375 9.827880859375 72.617431640625 0.7856079936027527
29 1756.81005859375 3138.7276611328125 30.253662109375 42.610107421875 0.784169614315033
7 1008.8626098632812 3114.700927734375 19.4329833984375 69.81396484375 0.7809216976165771
6 2294.33056640625 1265.2811279296875 21.711669921875 65.288818359375 0.7762358784675598
5 863.8516082763672 3078.26611328125 9.7332763671875 77.960205078125 0.7734348773956299
5 1504.43798828125 3208.5527954101562 9.6630859375 74.2550048828125 0.7679165005683899
5 1160.97265625 543.1707763671875 9.76220703125 75.450927734375 0.7586707472801208
6 1065.6262817382812 3097.6114501953125 19.30279541015625 60.82763671875 0.7550199031829834
5 1581.3720703125 3208.5316162109375 9.7822265625 74.820556640625 0.751213014125824
5 990.5147094726562 1187.0131225585938 10.0692138671875 79.2728271484375 0.7505081295967102
5 549.5144653320312 622.3550415039062 9.5511474609375 53.623779296875 0.7438080906867981
5 1051.3965454101562 1218.4312744140625 10.2626953125 129.6328125 0.7428616881370544
5 1536.3183288574219 620.3642578125 9.37335205078125 85.86474609375 0.7380937337875366
68 687.2794189453125 530.875732421875 35.4111328125 27.715087890625 0.7328239679336548
5 1932.4256591796875 3278.81787109375 9.801513671875 291.043212890625 0.7254374027252197
85 1065.0193481445312 3545.2626953125 188.8240966796875 23.637451171875 0.7081995606422424
5 508.1421813964844 1218.9404296875 10.39593505859375 131.789306640625 0.6989068984985352
72 1065.9422607421875 3552.45263671875 18.7939453125 29.9173583984375 0.6951747536659241
36 793.8194580078125 1585.2267456054688 13.105224609375 58.4031982421875 0.6927745342254639
52 1451.1153564453125 532.7412719726562 10.166748046875 20.5501708984375 0.6612160801887512
5 2080.21630859375 1076.0661010742188 9.724853515625 78.0687255859375 0.6462917327880859
5 839.9618530273438 1220.2683715820312 10.323974609375 126.3385009765625 0.634243369102478
5 425.145263671875 1935.6233520507812 10.0921630859375 77.270751953125 0.6337255239486694
38 2086.400390625 2045.133445739746 30.79931640625 18.752792358398438 0.6128965020179749
5 586.5860595703125 752.8412475585938 9.8453369140625 123.84130859375 0.5681977272033691
15 880.2998046875 2616.4085693359375 43.076904296875 10.3798828125 0.5544815063476562
58 191.42503356933594 1174.8831787109375 27.727813720703125 32.657470703125 0.45357546210289
6 1075.2079467773438 3096.324951171875 37.8717041015625 56.09326171875 0.41745075583457947
5 1986.5 1831.5 9.0 91.0 0.2
